32476224394358733541546984465265719557637682166874
43587335415469844652657195576376821668748793277985
54698446526571955763768216687487932779859814388196
65719557637682166874879327798598143881961925499217
47151426715826253782693736489371484759148259586125
58262537826937364893714847591482595861259361697236
69373648937148475914825958612593616972361472718347
71484759148259586125936169723614727183472583829458
85745282229685639333179674144428178525553928963666
96856393331796741444281785255539289636664139174777
17967414442817852555392896366641391747775241285888
28178525553928963666413917477752412858886352396999
24212392483532341359464345246157545635726865674683
35323413594643452461575456357268656746837976785794
46434524615754563572686567468379767857948187896815
57545635726865674683797678579481878968159298917926
24611235323572234643468334575457944568656815567976
35722346434683345754579445686568155679767926678187
46833457545794456865681556797679266781878137789298
57944568656815567976792667818781377892989248891319
42365327415347643852645875496375698651748671976285
53476438526458754963756986517486719762859782187396
64587549637569865174867197628597821873961893298417
75698651748671976285978218739618932984172914319528
23142496323425351743453646285456475739656758684176
34253517434536462854564757396567586841767869795287
45364628545647573965675868417678697952878971816398
56475739656758684176786979528789718163989182927419
34221556924533266713564437782467554889357866599146
45332667135644377824675548893578665991468977611257
56443778246755488935786659914689776112579188722368
67554889357866599146897761125791887223681299833479
